11111111 13333311 333111113111111

1111
ΙΝ PROLEGOMENIS ET COMMENTARIO ClTANTUR, EXPLIGANTUR, Ι
lLLUSTRANTUR, EMENDANTUR.

Emendationes asterisco θ, novae majoris momenti interpretationes
duobus asteriscis Η* notentur.

-—-——--—-

31111313. 3111113313. 3111111313.
’ 1³18. m. 1³18.
1, 7. 1111 137 1117 133 111113 117
1113 71, 33 113-11113111. 37, 33 135
111 75 111-3 11 1111117 117
3 31 1* 3 13 11 3 113
7-3 15 5 58 28 31
3 15 11 113 11111111-13
13111. 73 11v11‚8,11188,111 181,281
1* 15 15‚188 12 112 xxv‚xxv11,
25 13 11311113-11 111111111111111,
111, 1-13, 11, 137111. xxxv 87-85
23, 24 4511111. 7 112 XXV, 2530 125
1* 1 13 11 38, 81 11111111 173
3 55 11113 73 111111113 17
*1 3 13 1* 13-17 ’ 33 *1 11111111111111. 73
*1 11 50-58 ⁴* 13 133 1117
⁴* 15 31111 51-53 ⁴* 11 131 11111113 13
11 13 53 1 28 102 111111113 75
1113 133 1111 135 33 131
*1 21 71-73 111 11111113, 111. 135
111-3, 11117 13 *1 1111111113 21
3-13 3131 13 131 13 131
, *1* 7 137111. 1111, 11111, 1 15 131
3 111 11111 33-37 11-13
13 115 111111 117 1111111131 133
1 15 115 11111115 1111111113 133

 

