1811111.

m.

XXVI

Μ

1811111.
m.

111111111111111 1111111,

*⁴ 28 331
30 330
31 343
32 330, 345
34 345
36 333345

LXXII, 21 315

LXXIII, 1 23

LXXIV, II 110
19 134

111111111117511244
34 335

LXXXIII, 10 284

LXXXIV,7 282

LXXXV, 11 105

LXXXIX,I9sqq.

CXXXVI,passim
235,236,256
0111117112 256
CXXXVII,1,5 306
0111111118 230

PROVERBIA.

III,6 328
VI, 18 64
1113 22

5 328
XXIX, 27 22

EGCLESIASTES.

202,25I I* 11112130

6-10 247
1111611111 228
X011,7,11,13‚ 16

210,327
110118-11 41176
4 214

’ 1111111 11

11 01114 76, 230
16 216
29,30 43
011128-39 57,225
26 227
37 225
0111123-32 343
‹CVIlLtitqus 319
10 321
cx‚1 52,323
4 104
01111 23
01111112 340
15 23
01111912 117
0111111112 274
0111111118,14 138

22,27, 41, 58

11181118.

111-11 151
151111 111
v, 15 115
111-3 111
v11,15,16 15
11, 11 111
1111 11
11 111
1111 111
1111 111
11111111 111
1111111 111
xxm 111
xxv1‚7 23‚327
xxv11,9 115
11111115 115

¹⁴* 21 251

11111113 347
111118 98
11111112 221

11181118.

111.
XLVIII, 1 216
XLIX, 24 281
LI, 1 223
LXIII, 1-3 126
LXVI, 1 138

1111611118.

1114 174
7 345
1128 225

*I VII, 2123 161

11112126 54

⁴* XVII,9 5164

111114 226
XXXI, 18 205
22 274
XLI, 16 287
XLVIII, 45 217
XLIX, 19 344

ELEIIIEL.

11111114-20
XXI, 32
XXIV, 3

DANIEL.

I* III 306
*⁴ 711117 306

XI, 17 22

8081118.

IV, II, VI, 10 46
VIII, 13 97
11110 225
111115 225
7 205
12 226

 

