11108.
115.

1121-25 161

11111118.

115 21155
1115 155
111-5 151
1 215
5 21151215
5 115
1112 21155

passim 160

1111101108. ·

11, 1 317
1115 51

HABACUCUS.

’1115 225
11 251

ZEPHANIAS.

111 217

munaus.

13 122
1111 312
3 115

MATTHAEUS.

1111112 111525
111115 155
11115 51155
25 151
1111115 51
21 111115
5155 115

, xxvn

MATTHAEUS.
115.
⁴* 5111128111. 15
⁴* 111, 27 16
X, 2-1 8
1111139 115
1111181111. 61
⁴* 39 16
XVI, 23 72
1111111 163
111111118 227
*³ 22 130,161
111118 11
⁴ XX, 30 16
11111136-10
6,163,172
Χ1111135 111112
11111111111 67,70
53 177
1111911119 118

MARCUS.

111, 16-19 8
V, 1sqq. 15
1117 9

. 111121-23 65,69

⁴* 1111110 16
X, 16 16
111126 161

32,33 171

110018.

1,16511. 175
1121 177
111, 1,8,12 163

11111-16 8
1111126111. 15
X, 11 31
111 1 67
1111125 170
XVIII, 35 15
XIX, 18 173

11110Δὲ.
115.
⁴* XXIV, 13sqq. 13
11 163

1011111118.

111 11151
11 ‘ 515
1051111. 9
52 5

11116 318

11171 11

011111 170

11160 10

111129 281

111115 311
30 69

⁴* XVII, 15 68

11111111 177

’ 1521 ’
115525151511.

1155 511
15-11 115
11 25

111, 55 225

1113101111 1111111195

111) 1101111103.

1115 51
2125 111
1112 55
1111 115
11 1111111. 5155
1151115 15
5 55

55 125
1115 515
15 122

111 125

 

